1 0 1686
1 0 1687
1 0 1688
2 0 1684
2 0 1685
2 0 1699
3 0 1699
4 0 1684
4 0 1688
4 0 1691
5 0 1689
5 0 1691
5 0 1699
6 0 1691
7 0 1691
7 0 1698
8 0 1687
8 0 1688
8 0 1691
9 0 1691
10 0 1691
10 0 1700
11 0 1689
11 0 1699
12 0 1689
12 0 1699
13 0 1688
14 0 1691
14 0 1697
15 0 1691
16 0 1688
16 0 1697
17 0 1684
17 0 1688
17 0 1689
17 0 1694
17 0 1699
18 0 1691
19 0 1691
20 0 1691
20 0 1697
21 0 1684
21 0 1685
21 0 1688
21 0 1695
21 0 1699
22 0 1684
22 0 1691
22 0 1700
23 0 1691
23 0 1699
24 0 1684
24 0 1685
24 0 1689
25 0 1688
26 0 1688
27 0 1684
28 0 1684
28 0 1691
28 0 1699
29 0 1684
29 0 1685
29 0 1688
29 0 1689
30 0 1691
31 0 1691
31 0 1699
31 0 1700
32 0 1690
33 0 1684
33 0 1697
33 0 1699
34 0 1688
34 0 1691
35 0 1685
35 0 1687
35 0 1691
36 0 1691
36 0 1697
37 0 1691
38 0 1698
38 0 1699
39 0 1684
39 0 1689
39 0 1698
40 0 1688
41 0 1688
42 0 1688
43 0 1691
43 0 1699
44 0 1691
44 0 1699
45 0 1688
45 0 1691
46 0 1691
47 0 1688
47 0 1691
48 0 1690
49 0 1688
49 0 1697
50 0 1684
50 0 1685
50 0 1697
50 0 1698
50 0 1700
51 0 1691
51 0 1697
51 0 1700
51 0 1701
52 0 1691
53 0 1684
53 0 1699
54 0 1684
54 0 1691
54 0 1699
55 0 1689
55 0 1691
55 0 1697
55 0 1699
56 0 1689
56 0 1691
57 0 1691
58 0 1691
59 0 1691
60 0 1691
61 0 1691
62 0 1684
62 0 1685
62 0 1698
63 0 1687
63 0 1688
64 0 1691
65 0 1688
65 0 1691
66 0 1688
66 0 1697
67 0 1688
68 0 1684
68 0 1697
68 0 1699
69 0 1688
69 0 1697
69 0 1700
70 0 1688
70 0 1697
71 0 1686
71 0 1687
71 0 1695
72 0 1688
72 0 1689
72 0 1692
73 0 1684
73 0 1688
73 0 1701
74 0 1684
74 0 1688
74 0 1691
75 0 1690
76 0 1689
76 0 1691
77 0 1691
77 0 1699
78 0 1685
78 0 1687
78 0 1691
79 0 1684
79 0 1699
80 0 1684
80 0 1688
80 0 1700
81 0 1688
81 0 1697
82 0 1684
82 0 1685
82 0 1698
83 0 1688
83 0 1697
84 0 1694
84 0 1698
85 0 1688
86 0 1691
87 0 1691
88 0 1688
88 0 1697
89 0 1693
89 0 1698
90 0 1688
90 0 1697
90 0 1699
91 0 1687
91 0 1688
91 0 1695
92 0 1684
92 0 1689
92 0 1697
93 0 1688
93 0 1691
94 0 1687
94 0 1688
95 0 1686
95 0 1687
95 0 1688
95 0 1695
96 0 1684
96 0 1698
96 0 1699
97 0 1685
97 0 1691
97 0 1701
98 0 1691
98 0 1699
99 0 1686
99 0 1687
99 0 1695
100 0 1689
100 0 1691
100 0 1699
101 0 1684
101 0 1685
101 0 1686
101 0 1694
101 0 1698
102 0 1686
102 0 1687
103 0 1686
103 0 1687
103 0 1695
104 0 1688
105 0 1688
106 0 1691
106 0 1699
107 0 1691
108 0 1688
109 0 1688
109 0 1698
110 0 1684
110 0 1685
110 0 1688
110 0 1700
111 0 1688
111 0 1697
112 0 1685
112 0 1687
113 0 1691
114 0 1686
115 0 1690
116 0 1688
117 0 1684
117 0 1685
117 0 1699
118 0 1684
118 0 1685
118 0 1699
119 0 1690
120 0 1688
120 0 1689
121 0 1684
121 0 1698
121 0 1700
122 0 1688
123 0 1688
123 0 1694
124 0 1691
124 0 1696
125 0 1691
125 0 1697
126 0 1691
127 0 1684
127 0 1689
127 0 1691
128 0 1684
128 0 1699
129 0 1689
129 0 1691
129 0 1697
129 0 1699
130 0 1689
131 0 1691
131 0 1697
132 0 1685
132 0 1687
132 0 1691
132 0 1695
133 0 1691
133 0 1697
133 0 1700
134 0 1691
135 0 1691
135 0 1696
135 0 1698
135 0 1699
136 0 1691
137 0 1691
138 0 1687
138 0 1688
139 0 1687
139 0 1688
140 0 1685
140 0 1687
141 0 1685
141 0 1687
141 0 1692
141 0 1698
142 0 1685
142 0 1687
142 0 1695
143 0 1695
144 0 1684
144 0 1699
145 0 1684
145 0 1698
145 0 1699
146 0 1691
147 0 1684
147 0 1699
148 0 1684
148 0 1685
149 0 1691
150 0 1688
150 0 1691
151 0 1685
151 0 1687
151 0 1688
152 0 1688
152 0 1698
153 0 1688
154 0 1688
155 0 1695
155 0 1697
156 0 1689
156 0 1699
157 0 1691
157 0 1700
158 0 1688
159 0 1696
159 0 1699
160 0 1691
161 0 1684
161 0 1697
162 0 1691
163 0 1688
164 0 1684
164 0 1685
164 0 1698
164 0 1699
165 0 1691
166 0 1691
167 0 1688
168 0 1688
169 0 1686
169 0 1688
170 0 1688
170 0 1691
170 0 1697
171 0 1688
171 0 1698
172 0 1684
172 0 1685
172 0 1691
172 0 1697
172 0 1698
172 0 1700
173 0 1684
173 0 1685
173 0 1688
173 0 1697
174 0 1684
174 0 1685
175 0 1698
176 0 1684
176 0 1698
176 0 1699
176 0 1700
177 0 1684
177 0 1701
178 0 1691
179 0 1698
180 0 1691
180 0 1700
181 0 1684
181 0 1685
181 0 1697
181 0 1698
181 0 1700
182 0 1689
182 0 1691
183 0 1684
183 0 1694
183 0 1698
183 0 1699
184 0 1684
184 0 1685
184 0 1688
184 0 1694
184 0 1698
185 0 1694
185 0 1697
185 0 1699
186 0 1684
186 0 1688
186 0 1695
187 0 1684
187 0 1689
187 0 1691
188 0 1684
188 0 1691
188 0 1700
189 0 1686
189 0 1688
190 0 1691
190 0 1700
191 0 1691
191 0 1696
192 0 1691
193 0 1691
194 0 1688
194 0 1689
195 0 1684
195 0 1698
195 0 1699
196 0 1691
197 0 1691
197 0 1697
198 0 1699
199 0 1691
199 0 1700
200 0 1694
201 0 1684
201 0 1685
201 0 1688
201 0 1694
202 0 1688
202 0 1697
203 0 1701
204 0 1688
204 0 1698
205 0 1691
205 0 1700
206 0 1685
206 0 1686
206 0 1698
206 0 1699
207 0 1684
207 0 1691
207 0 1697
208 0 1688
208 0 1694
209 0 1688
209 0 1691
209 0 1695
210 0 1684
210 0 1685
211 0 1688
211 0 1700
212 0 1691
213 0 1691
213 0 1697
214 0 1691
214 0 1695
214 0 1700
215 0 1691
216 0 1688
216 0 1697
217 0 1694
217 0 1697
218 0 1699
219 0 1694
220 0 1688
220 0 1697
221 0 1691
222 0 1684
222 0 1685
222 0 1698
223 0 1691
223 0 1699
224 0 1691
225 0 1687
225 0 1688
226 0 1684
226 0 1699
227 0 1684
227 0 1685
227 0 1698
228 0 1684
228 0 1685
228 0 1698
229 0 1684
229 0 1685
229 0 1698
230 0 1684
230 0 1685
230 0 1698
231 0 1684
231 0 1685
231 0 1688
231 0 1689
232 0 1684
232 0 1688
232 0 1701
233 0 1684
234 0 1684
234 0 1694
235 0 1684
235 0 1688
235 0 1698
235 0 1700
236 0 1688
236 0 1691
237 0 1691
237 0 1697
238 0 1688
239 0 1689
239 0 1691
239 0 1698
240 0 1686
240 0 1688
241 0 1684
241 0 1697
241 0 1700
242 0 1688
243 0 1687
243 0 1688
244 0 1684
244 0 1691
244 0 1699
245 0 1684
245 0 1691
245 0 1699
245 0 1700
246 0 1691
246 0 1697
247 0 1684
247 0 1685
247 0 1687
248 0 1688
248 0 1689
249 0 1688
250 0 1684
250 0 1698
251 0 1688
252 0 1684
252 0 1685
252 0 1698
252 0 1699
253 0 1691
253 0 1697
254 0 1684
254 0 1685
254 0 1689
255 0 1688
255 0 1697
256 0 1688
256 0 1697
257 0 1684
257 0 1685
257 0 1688
257 0 1698
258 0 1691
258 0 1698
259 0 1687
259 0 1688
260 0 1684
260 0 1696
260 0 1698
260 0 1699
261 0 1687
261 0 1688
262 0 1691
263 0 1684
264 0 1698
264 0 1699
265 0 1684
265 0 1699
266 0 1684
266 0 1685
267 0 1683
268 0 1691
268 0 1697
269 0 1688
270 0 1691
270 0 1698
270 0 1699
271 0 1684
271 0 1685
271 0 1698
271 0 1700
272 0 1691
273 0 1684
273 0 1689
273 0 1699
274 0 1688
274 0 1697
275 0 1691
275 0 1697
276 0 1691
276 0 1697
277 0 1691
278 0 1691
278 0 1697
279 0 1691
280 0 1691
280 0 1697
281 0 1684
281 0 1699
282 0 1691
283 0 1691
283 0 1697
284 0 1688
284 0 1697
285 0 1691
286 0 1691
286 0 1697
286 0 1700
287 0 1691
288 0 1694
288 0 1699
289 0 1691
289 0 1695
290 0 1688
291 0 1696
291 0 1699
292 0 1691
293 0 1689
293 0 1691
294 0 1688
295 0 1684
295 0 1699
296 0 1691
297 0 1691
298 0 1684
298 0 1698
298 0 1699
299 0 1689
299 0 1691
299 0 1693
300 0 1684
300 0 1699
301 0 1688
302 0 1689
302 0 1693
302 0 1696
302 0 1699
303 0 1691
304 0 1685
304 0 1687
305 0 1691
306 0 1691
306 0 1697
307 0 1689
307 0 1694
307 0 1696
307 0 1699
308 0 1687
308 0 1691
308 0 1692
309 0 1689
310 0 1691
311 0 1691
311 0 1697
311 0 1699
312 0 1688
312 0 1689
312 0 1691
312 0 1696
313 0 1684
313 0 1691
313 0 1697
314 0 1684
314 0 1687
315 0 1691
315 0 1699
316 0 1688
316 0 1691
317 0 1691
318 0 1691
318 0 1700
319 0 1688
319 0 1695
319 0 1697
320 0 1690
321 0 1688
322 0 1696
322 0 1699
323 0 1684
323 0 1699
324 0 1696
325 0 1691
325 0 1699
326 0 1684
326 0 1691
326 0 1700
327 0 1689
327 0 1691
327 0 1696
328 0 1684
328 0 1696
328 0 1697
328 0 1699
329 0 1689
329 0 1691
329 0 1699
330 0 1691
331 0 1685
331 0 1699
332 0 1689
332 0 1691
332 0 1699
333 0 1696
333 0 1699
334 0 1684
334 0 1689
334 0 1696
335 0 1688
336 0 1689
336 0 1699
337 0 1688
337 0 1691
337 0 1699
338 0 1688
339 0 1684
339 0 1691
340 0 1691
341 0 1688
342 0 1688
342 0 1696
343 0 1684
343 0 1694
343 0 1698
344 0 1691
345 0 1688
345 0 1691
346 0 1689
346 0 1691
347 0 1688
347 0 1691
348 0 1689
348 0 1691
348 0 1699
349 0 1684
349 0 1699
350 0 1684
350 0 1696
350 0 1699
351 0 1694
352 0 1688
352 0 1695
353 0 1684
353 0 1694
353 0 1698
354 0 1688
354 0 1697
355 0 1685
355 0 1698
355 0 1699
356 0 1691
356 0 1696
356 0 1699
357 0 1691
358 0 1684
358 0 1685
358 0 1698
358 0 1699
359 0 1699
360 0 1690
361 0 1689
361 0 1699
362 0 1684
362 0 1688
362 0 1695
363 0 1684
364 0 1688
365 0 1691
366 0 1691
367 0 1688
368 0 1688
369 0 1688
370 0 1691
370 0 1699
371 0 1691
371 0 1697
372 0 1688
373 0 1684
373 0 1685
373 0 1698
374 0 1684
374 0 1687
375 0 1691
376 0 1688
377 0 1687
377 0 1688
378 0 1691
379 0 1694
380 0 1684
380 0 1685
380 0 1698
381 0 1688
381 0 1697
382 0 1688
382 0 1691
383 0 1687
383 0 1688
384 0 1688
385 0 1684
385 0 1685
385 0 1688
385 0 1697
386 0 1688
387 0 1691
388 0 1684
388 0 1688
389 0 1685
389 0 1687
390 0 1688
391 0 1684
391 0 1688
392 0 1691
393 0 1688
394 0 1688
394 0 1696
394 0 1697
395 0 1688
396 0 1688
396 0 1689
396 0 1694
397 0 1684
398 0 1684
398 0 1685
398 0 1687
398 0 1698
399 0 1684
399 0 1685
399 0 1688
400 0 1687
400 0 1688
401 0 1688
402 0 1688
402 0 1697
402 0 1699
403 0 1684
403 0 1685
403 0 1689
403 0 1691
404 0 1686
404 0 1687
405 0 1684
405 0 1685
405 0 1696
406 0 1694
406 0 1699
407 0 1688
408 0 1686
408 0 1688
408 0 1699
409 0 1688
409 0 1691
410 0 1688
411 0 1688
411 0 1692
411 0 1697
411 0 1698
412 0 1688
413 0 1694
414 0 1688
415 0 1687
415 0 1688
415 0 1701
416 0 1687
416 0 1691
417 0 1687
417 0 1691
418 0 1686
418 0 1687
418 0 1695
419 0 1687
419 0 1688
419 0 1695
420 0 1686
420 0 1687
420 0 1695
421 0 1691
421 0 1697
422 0 1686
422 0 1687
422 0 1688
423 0 1687
423 0 1691
423 0 1692
423 0 1698
424 0 1694
425 0 1688
426 0 1684
426 0 1686
426 0 1687
426 0 1698
426 0 1699
426 0 1700
427 0 1691
428 0 1688
429 0 1691
429 0 1698
430 0 1688
430 0 1700
431 0 1684
431 0 1685
432 0 1686
432 0 1687
432 0 1695
433 0 1688
434 0 1698
435 0 1684
435 0 1688
435 0 1701
436 0 1694
437 0 1694
438 0 1694
439 0 1694
440 0 1694
441 0 1694
442 0 1694
443 0 1694
444 0 1694
444 0 1698
445 0 1694
446 0 1694
447 0 1694
448 0 1694
449 0 1684
449 0 1685
449 0 1698
450 0 1684
450 0 1685
450 0 1698
451 0 1688
451 0 1695
451 0 1697
452 0 1684
452 0 1694
453 0 1684
453 0 1694
454 0 1691
455 0 1684
456 0 1684
456 0 1688
457 0 1685
457 0 1687
457 0 1691
458 0 1691
459 0 1691
460 0 1691
461 0 1691
462 0 1691
462 0 1697
463 0 1685
464 0 1691
465 0 1685
465 0 1687
465 0 1697
466 0 1699
467 0 1691
468 0 1691
469 0 1691
470 0 1701
471 0 1691
471 0 1700
472 0 1684
472 0 1685
472 0 1692
473 0 1686
473 0 1687
473 0 1695
474 0 1698
474 0 1700
475 0 1691
476 0 1688
477 0 1687
477 0 1688
478 0 1688
478 0 1697
479 0 1696
479 0 1699
480 0 1688
480 0 1699
481 0 1688
481 0 1691
482 0 1688
482 0 1689
483 0 1691
483 0 1697
483 0 1700
484 0 1693
484 0 1696
485 0 1695
485 0 1697
486 0 1688
486 0 1697
487 0 1688
487 0 1697
488 0 1693
489 0 1693
489 0 1697
489 0 1699
490 0 1688
490 0 1697
490 0 1699
491 0 1684
491 0 1685
492 0 1691
493 0 1696
494 0 1688
495 0 1685
495 0 1688
496 0 1691
497 0 1688
498 0 1684
498 0 1685
498 0 1697
498 0 1700
499 0 1691
500 0 1685
500 0 1687
501 0 1686
501 0 1687
501 0 1695
502 0 1688
502 0 1700
503 0 1691
504 0 1689
504 0 1691
505 0 1696
505 0 1699
506 0 1691
507 0 1691
508 0 1691
509 0 1691
510 0 1684
510 0 1691
510 0 1701
511 0 1685
511 0 1700
512 0 1688
512 0 1691
512 0 1697
513 0 1696
513 0 1699
514 0 1688
514 0 1697
515 0 1684
515 0 1691
515 0 1700
516 0 1688
517 0 1688
517 0 1691
517 0 1697
518 0 1691
519 0 1685
520 0 1685
520 0 1700
521 0 1691
521 0 1700
522 0 1688
522 0 1691
523 0 1688
523 0 1691
524 0 1688
525 0 1693
525 0 1696
526 0 1684
526 0 1685
526 0 1691
527 0 1691
528 0 1691
528 0 1700
529 0 1691
530 0 1685
531 0 1691
531 0 1697
532 0 1697
533 0 1696
534 0 1691
535 0 1688
535 0 1697
536 0 1691
537 0 1691
538 0 1686
538 0 1687
538 0 1695
539 0 1687
539 0 1688
540 0 1684
541 0 1684
541 0 1685
542 0 1686
542 0 1687
542 0 1695
542 0 1697
543 0 1691
543 0 1695
544 0 1689
544 0 1691
544 0 1697
545 0 1688
545 0 1697
546 0 1684
546 0 1699
547 0 1689
548 0 1687
548 0 1692
549 0 1691
549 0 1697
549 0 1700
550 0 1684
550 0 1699
551 0 1694
552 0 1698
553 0 1691
553 0 1697
554 0 1684
554 0 1685
555 0 1691
556 0 1701
557 0 1691
557 0 1695
558 0 1691
558 0 1692
558 0 1699
559 0 1691
559 0 1694
560 0 1685
560 0 1687
560 0 1688
560 0 1692
560 0 1697
560 0 1698
561 0 1691
561 0 1694
562 0 1684
562 0 1685
562 0 1701
563 0 1694
564 0 1688
564 0 1694
565 0 1694
565 0 1699
566 0 1684
566 0 1685
566 0 1699
567 0 1694
568 0 1684
568 0 1697
568 0 1699
569 0 1691
569 0 1694
570 0 1701
571 0 1688
571 0 1699
572 0 1684
572 0 1699
573 0 1694
573 0 1698
573 0 1699
574 0 1696
574 0 1697
574 0 1699
575 0 1688
575 0 1701
576 0 1684
576 0 1685
576 0 1689
577 0 1688
577 0 1698
578 0 1684
578 0 1698
579 0 1688
580 0 1688
580 0 1697
581 0 1691
581 0 1699
582 0 1691
582 0 1697
583 0 1689
583 0 1699
584 0 1687
584 0 1691
585 0 1688
586 0 1684
587 0 1691
587 0 1696
588 0 1686
588 0 1687
588 0 1695
589 0 1701
590 0 1684
590 0 1694
590 0 1698
591 0 1691
591 0 1699
592 0 1696
592 0 1699
593 0 1700
594 0 1691
594 0 1697
595 0 1699
596 0 1686
596 0 1687
596 0 1695
597 0 1684
597 0 1699
598 0 1688
598 0 1691
599 0 1684
600 0 1687
601 0 1685
601 0 1700
602 0 1695
602 0 1697
603 0 1696
603 0 1699
604 0 1688
605 0 1695
606 0 1691
607 0 1697
607 0 1699
608 0 1696
608 0 1697
608 0 1699
609 0 1688
610 0 1695
611 0 1689
611 0 1693
611 0 1696
612 0 1691
613 0 1688
614 0 1691
615 0 1699
616 0 1694
616 0 1698
617 0 1691
618 0 1691
619 0 1691
619 0 1699
620 0 1691
621 0 1701
622 0 1685
622 0 1687
623 0 1687
623 0 1688
624 0 1686
624 0 1687
624 0 1695
625 0 1686
625 0 1687
626 0 1687
626 0 1691
627 0 1691
628 0 1689
628 0 1691
629 0 1688
629 0 1695
630 0 1688
630 0 1695
631 0 1684
631 0 1691
631 0 1697
631 0 1700
632 0 1691
633 0 1691
634 0 1690
635 0 1694
636 0 1684
636 0 1685
636 0 1698
636 0 1699
637 0 1688
637 0 1694
638 0 1691
639 0 1691
640 0 1691
641 0 1691
641 0 1700
642 0 1689
642 0 1691
642 0 1693
643 0 1691
643 0 1697
644 0 1690
645 0 1690
646 0 1701
647 0 1691
647 0 1700
648 0 1688
648 0 1697
649 0 1689
649 0 1691
649 0 1699
650 0 1691
651 0 1684
651 0 1691
651 0 1700
652 0 1688
652 0 1691
653 0 1689
653 0 1693
653 0 1699
654 0 1693
654 0 1696
654 0 1699
655 0 1685
655 0 1688
655 0 1691
656 0 1689
656 0 1693
656 0 1699
657 0 1693
657 0 1699
658 0 1691
659 0 1688
659 0 1696
659 0 1699
660 0 1691
661 0 1701
662 0 1691
662 0 1697
663 0 1688
664 0 1691
665 0 1684
665 0 1694
665 0 1698
665 0 1699
666 0 1694
667 0 1694
668 0 1684
668 0 1694
669 0 1694
670 0 1694
670 0 1698
670 0 1699
671 0 1694
672 0 1694
673 0 1693
673 0 1699
674 0 1694
675 0 1694
676 0 1691
677 0 1690
678 0 1691
678 0 1699
679 0 1684
679 0 1685
680 0 1684
680 0 1685
681 0 1694
682 0 1694
682 0 1696
682 0 1699
683 0 1688
684 0 1684
684 0 1699
685 0 1684
685 0 1699
686 0 1684
686 0 1691
687 0 1688
687 0 1700
688 0 1688
689 0 1684
689 0 1699
690 0 1691
690 0 1700
691 0 1693
691 0 1698
691 0 1699
692 0 1688
692 0 1691
692 0 1697
693 0 1691
694 0 1697
695 0 1688
695 0 1691
696 0 1691
696 0 1699
697 0 1691
698 0 1691
699 0 1691
700 0 1688
701 0 1690
702 0 1688
702 0 1697
703 0 1691
704 0 1691
704 0 1697
705 0 1695
705 0 1697
706 0 1694
707 0 1691
708 0 1691
709 0 1688
709 0 1697
710 0 1688
711 0 1691
712 0 1688
712 0 1691
713 0 1691
714 0 1691
714 0 1697
715 0 1688
715 0 1691
716 0 1691
716 0 1697
717 0 1691
717 0 1699
718 0 1688
719 0 1688
719 0 1700
720 0 1684
720 0 1685
720 0 1691
720 0 1697
721 0 1688
722 0 1688
723 0 1688
723 0 1691
724 0 1691
724 0 1697
725 0 1688
726 0 1687
726 0 1691
727 0 1691
727 0 1697
728 0 1688
728 0 1698
729 0 1691
730 0 1691
730 0 1697
731 0 1688
731 0 1691
731 0 1697
732 0 1688
732 0 1697
733 0 1691
733 0 1697
734 0 1688
735 0 1691
736 0 1691
736 0 1697
737 0 1688
737 0 1691
738 0 1688
738 0 1697
739 0 1688
739 0 1697
740 0 1691
740 0 1697
741 0 1691
741 0 1699
742 0 1691
742 0 1699
743 0 1684
743 0 1699
744 0 1691
744 0 1700
745 0 1688
746 0 1688
747 0 1688
747 0 1697
748 0 1684
748 0 1697
748 0 1699
749 0 1688
749 0 1697
750 0 1691
751 0 1684
751 0 1697
751 0 1699
752 0 1684
752 0 1699
753 0 1691
754 0 1689
754 0 1699
755 0 1684
755 0 1685
755 0 1687
755 0 1692
755 0 1698
756 0 1688
757 0 1690
758 0 1698
758 0 1699
759 0 1684
760 0 1698
761 0 1684
761 0 1699
762 0 1691
763 0 1688
764 0 1688
764 0 1697
765 0 1688
765 0 1697
766 0 1690
767 0 1694
768 0 1685
768 0 1687
769 0 1684
769 0 1685
769 0 1696
769 0 1698
770 0 1689
770 0 1693
770 0 1696
770 0 1699
771 0 1684
771 0 1698
771 0 1699
772 0 1691
773 0 1699
774 0 1694
775 0 1688
775 0 1691
775 0 1697
776 0 1691
777 0 1694
778 0 1688
778 0 1691
778 0 1697
779 0 1684
780 0 1688
781 0 1688
781 0 1697
782 0 1691
783 0 1688
783 0 1697
784 0 1691
784 0 1694
785 0 1688
785 0 1697
786 0 1688
786 0 1697
787 0 1688
787 0 1691
788 0 1694
788 0 1699
789 0 1688
789 0 1691
790 0 1688
791 0 1687
792 0 1688
793 0 1688
794 0 1691
794 0 1697
795 0 1687
795 0 1688
796 0 1688
796 0 1697
797 0 1684
797 0 1698
798 0 1684
799 0 1691
800 0 1694
800 0 1699
801 0 1688
802 0 1684
802 0 1685
802 0 1689
802 0 1699
803 0 1684
803 0 1691
803 0 1700
804 0 1688
805 0 1688
805 0 1696
806 0 1684
806 0 1689
806 0 1691
807 0 1691
808 0 1684
808 0 1691
809 0 1684
809 0 1691
809 0 1696
810 0 1684
811 0 1690
812 0 1685
812 0 1687
813 0 1690
814 0 1690
815 0 1691
815 0 1697
816 0 1694
817 0 1691
818 0 1688
819 0 1688
820 0 1685
820 0 1686
820 0 1687
820 0 1688
820 0 1692
821 0 1688
821 0 1697
822 0 1691
823 0 1689
823 0 1693
823 0 1699
824 0 1688
825 0 1684
825 0 1698
825 0 1699
826 0 1685
827 0 1684
827 0 1685
827 0 1699
828 0 1685
828 0 1687
829 0 1684
829 0 1685
830 0 1684
830 0 1696
830 0 1699
831 0 1684
831 0 1685
831 0 1698
831 0 1699
832 0 1687
832 0 1691
832 0 1692
833 0 1684
834 0 1694
834 0 1699
835 0 1688
835 0 1695
835 0 1697
836 0 1688
836 0 1697
837 0 1691
838 0 1684
839 0 1694
839 0 1699
840 0 1684
840 0 1691
840 0 1701
841 0 1684
841 0 1699
842 0 1687
842 0 1688
842 0 1691
843 0 1687
843 0 1688
844 0 1689
845 0 1688
846 0 1691
846 0 1697
847 0 1690
847 0 1691
848 0 1693
848 0 1699
849 0 1684
849 0 1697
850 0 1690
851 0 1691
852 0 1691
852 0 1699
853 0 1688
853 0 1694
854 0 1688
854 0 1694
855 0 1684
855 0 1691
855 0 1696
855 0 1697
855 0 1699
856 0 1688
856 0 1691
857 0 1690
858 0 1694
859 0 1688
859 0 1694
860 0 1694
860 0 1699
861 0 1694
862 0 1685
862 0 1687
862 0 1688
863 0 1691
864 0 1688
865 0 1691
866 0 1688
866 0 1697
867 0 1691
868 0 1691
869 0 1688
869 0 1697
870 0 1697
871 0 1688
872 0 1697
873 0 1688
873 0 1697
874 0 1691
875 0 1691
875 0 1697
876 0 1684
876 0 1688
877 0 1685
877 0 1697
878 0 1687
878 0 1688
878 0 1696
879 0 1684
879 0 1699
879 0 1700
880 0 1691
881 0 1684
881 0 1688
882 0 1691
883 0 1691
884 0 1690
885 0 1694
886 0 1697
886 0 1699
887 0 1691
888 0 1691
889 0 1697
890 0 1684
890 0 1685
891 0 1691
891 0 1700
892 0 1687
892 0 1688
892 0 1692
893 0 1688
894 0 1687
894 0 1688
895 0 1694
895 0 1699
896 0 1691
897 0 1684
897 0 1685
897 0 1698
898 0 1691
899 0 1691
900 0 1691
901 0 1688
902 0 1688
902 0 1689
902 0 1696
902 0 1699
903 0 1691
903 0 1697
904 0 1688
904 0 1691
905 0 1691
905 0 1697
906 0 1691
906 0 1697
907 0 1688
908 0 1688
909 0 1691
910 0 1691
911 0 1689
911 0 1691
912 0 1684
912 0 1699
913 0 1688
914 0 1689
914 0 1691
914 0 1696
914 0 1699
915 0 1691
916 0 1684
916 0 1698
916 0 1699
917 0 1684
917 0 1691
917 0 1699
918 0 1697
919 0 1685
919 0 1698
920 0 1691
921 0 1691
921 0 1697
922 0 1701
923 0 1691
924 0 1685
924 0 1691
925 0 1698
925 0 1699
926 0 1688
927 0 1691
928 0 1691
928 0 1694
929 0 1687
929 0 1688
930 0 1684
930 0 1685
930 0 1699
931 0 1698
931 0 1699
932 0 1687
932 0 1688
933 0 1691
934 0 1691
935 0 1691
935 0 1700
936 0 1688
936 0 1691
936 0 1697
937 0 1691
938 0 1688
938 0 1697
939 0 1691
939 0 1699
940 0 1688
941 0 1688
941 0 1691
942 0 1691
943 0 1699
944 0 1688
944 0 1691
944 0 1700
945 0 1688
945 0 1696
945 0 1697
945 0 1699
946 0 1686
946 0 1687
947 0 1685
947 0 1697
948 0 1688
948 0 1697
949 0 1691
949 0 1697
950 0 1691
951 0 1685
951 0 1687
951 0 1692
952 0 1688
953 0 1688
953 0 1691
954 0 1690
955 0 1691
955 0 1697
956 0 1691
957 0 1688
958 0 1691
959 0 1688
960 0 1691
961 0 1691
962 0 1691
963 0 1691
963 0 1699
964 0 1688
964 0 1691
965 0 1688
965 0 1695
966 0 1697
967 0 1691
968 0 1695
969 0 1686
969 0 1687
970 0 1688
971 0 1688
971 0 1700
972 0 1691
973 0 1690
974 0 1691
974 0 1699
975 0 1699
976 0 1684
976 0 1698
976 0 1699
977 0 1684
978 0 1696
978 0 1699
979 0 1691
979 0 1699
980 0 1691
981 0 1691
982 0 1684
982 0 1685
982 0 1699
983 0 1699
984 0 1699
985 0 1691
986 0 1699
987 0 1699
988 0 1688
988 0 1697
989 0 1686
989 0 1687
989 0 1695
990 0 1691
990 0 1697
991 0 1689
992 0 1688
992 0 1699
993 0 1685
993 0 1686
993 0 1687
993 0 1688
993 0 1695
994 0 1691
995 0 1688
996 0 1687
996 0 1688
997 0 1688
998 0 1688
999 0 1688
1000 0 1688
1000 0 1701
1001 0 1688
1002 0 1688
1003 0 1687
1003 0 1688
1003 0 1696
1004 0 1691
1004 0 1701
1005 0 1691
1006 0 1691
1006 0 1698
1007 0 1688
1008 0 1691
1009 0 1691
1010 0 1691
1011 0 1689
1012 0 1688
1012 0 1691
1013 0 1684
1013 0 1685
1013 0 1699
1014 0 1688
1015 0 1687
1015 0 1691
1016 0 1684
1016 0 1685
1016 0 1699
1017 0 1691
1018 0 1691
1019 0 1684
1019 0 1699
1020 0 1696
1020 0 1699
1021 0 1691
1022 0 1690
1023 0 1688
1024 0 1697
1025 0 1684
1025 0 1691
1025 0 1699
1026 0 1688
1026 0 1691
1027 0 1684
1028 0 1688
1028 0 1697
1029 0 1688
1030 0 1688
1031 0 1685
1031 0 1687
1032 0 1687
1032 0 1688
1033 0 1685
1033 0 1687
1034 0 1684
1034 0 1685
1035 0 1688
1036 0 1688
1036 0 1692
1037 0 1688
1037 0 1695
1037 0 1697
1038 0 1699
1039 0 1691
1040 0 1688
1040 0 1697
1041 0 1688
1041 0 1697
1042 0 1696
1042 0 1699
1043 0 1688
1044 0 1688
1044 0 1691
1045 0 1691
1046 0 1699
1047 0 1688
1048 0 1688
1048 0 1697
1049 0 1688
1050 0 1691
1050 0 1697
1051 0 1688
1052 0 1688
1052 0 1694
1053 0 1691
1054 0 1688
1055 0 1691
1056 0 1694
1057 0 1688
1058 0 1685
1058 0 1691
1059 0 1688
1060 0 1685
1060 0 1687
1061 0 1688
1061 0 1691
1062 0 1691
1063 0 1687
1063 0 1691
1064 0 1689
1064 0 1693
1065 0 1690
1065 0 1700
1066 0 1686
1066 0 1687
1067 0 1688
1068 0 1691
1069 0 1689
1069 0 1691
1069 0 1699
1070 0 1688
1071 0 1688
1072 0 1688
1072 0 1697
1073 0 1699
1074 0 1688
1074 0 1691
1075 0 1691
1076 0 1684
1076 0 1685
1076 0 1686
1076 0 1687
1076 0 1692
1077 0 1699
1078 0 1686
1078 0 1687
1079 0 1688
1079 0 1695
1080 0 1688
1081 0 1689
1082 0 1691
1083 0 1689
1083 0 1699
1084 0 1690
1085 0 1691
1085 0 1697
1086 0 1691
1087 0 1684
1088 0 1684
1089 0 1684
1089 0 1697
1089 0 1699
1090 0 1699
1091 0 1685
1091 0 1686
1091 0 1687
1091 0 1695
1092 0 1688
1093 0 1688
1094 0 1688
1095 0 1688
1096 0 1697
1097 0 1691
1098 0 1688
1099 0 1691
1100 0 1688
1100 0 1691
1100 0 1697
1101 0 1691
1101 0 1696
1102 0 1688
1102 0 1697
1103 0 1688
1103 0 1691
1104 0 1688
1104 0 1689
1104 0 1691
1105 0 1684
1105 0 1685
1105 0 1699
1106 0 1689
1106 0 1691
1107 0 1691
1108 0 1691
1109 0 1691
1109 0 1699
1110 0 1684
1110 0 1688
1110 0 1695
1110 0 1698
1111 0 1691
1112 0 1691
1113 0 1691
1114 0 1688
1115 0 1688
1115 0 1691
1115 0 1697
1116 0 1685
1117 0 1691
1118 0 1688
1119 0 1691
1119 0 1697
1120 0 1688
1121 0 1691
1121 0 1695
1122 0 1689
1122 0 1691
1123 0 1691
1124 0 1697
1124 0 1700
1125 0 1699
1126 0 1685
1126 0 1691
1127 0 1691
1128 0 1690
1129 0 1691
1129 0 1696
1129 0 1697
1130 0 1690
1131 0 1699
1132 0 1691
1132 0 1697
1133 0 1685
1133 0 1687
1133 0 1692
1134 0 1691
1135 0 1691
1135 0 1695
1136 0 1691
1137 0 1691
1137 0 1697
1138 0 1684
1138 0 1688
1138 0 1689
1138 0 1691
1139 0 1684
1139 0 1689
1139 0 1699
1140 0 1688
1141 0 1690
1142 0 1690
1143 0 1689
1143 0 1699
1144 0 1691
1145 0 1691
1146 0 1691
1147 0 1691
1148 0 1691
1149 0 1691
1150 0 1691
1151 0 1689
1152 0 1697
1152 0 1700
1153 0 1691
1153 0 1695
1154 0 1698
1155 0 1688
1155 0 1697
1156 0 1689
1156 0 1691
1157 0 1694
1158 0 1691
1159 0 1696
1159 0 1698
1160 0 1691
1160 0 1697
1161 0 1684
1161 0 1691
1162 0 1688
1163 0 1691
1164 0 1687
1165 0 1688
1165 0 1691
1166 0 1688
1167 0 1688
1168 0 1691
1169 0 1691
1170 0 1688
1170 0 1691
1171 0 1691
1172 0 1688
1173 0 1691
1173 0 1697
1174 0 1691
1174 0 1699
1175 0 1697
1176 0 1691
1176 0 1700
1177 0 1688
1178 0 1688
1179 0 1688
1180 0 1684
1180 0 1688
1181 0 1684
1181 0 1688
1182 0 1688
1183 0 1684
1183 0 1688
1184 0 1690
1185 0 1688
1185 0 1700
1186 0 1688
1186 0 1691
1187 0 1689
1188 0 1684
1188 0 1688
1188 0 1701
1189 0 1691
1190 0 1688
1190 0 1697
1191 0 1689
1191 0 1691
1192 0 1691
1193 0 1691
1194 0 1689
1194 0 1691
1195 0 1691
1196 0 1691
1197 0 1688
1197 0 1691
1198 0 1689
1198 0 1699
1199 0 1688
1199 0 1694
1200 0 1687
1200 0 1691
1201 0 1690
1202 0 1688
1203 0 1688
1203 0 1695
1203 0 1697
1204 0 1688
1204 0 1691
1204 0 1700
1205 0 1691
1206 0 1688
1207 0 1699
1208 0 1689
1208 0 1691
1208 0 1699
1209 0 1688
1210 0 1698
1210 0 1699
1211 0 1691
1211 0 1697
1212 0 1691
1212 0 1696
1212 0 1697
1213 0 1689
1213 0 1691
1213 0 1699
1214 0 1691
1215 0 1684
1215 0 1698
1216 0 1697
1217 0 1699
1218 0 1688
1219 0 1686
1219 0 1687
1219 0 1688
1219 0 1697
1220 0 1691
1221 0 1691
1222 0 1684
1223 0 1691
1224 0 1691
1225 0 1688
1226 0 1689
1226 0 1691
1227 0 1691
1228 0 1684
1229 0 1691
1229 0 1699
1230 0 1688
1231 0 1684
1231 0 1691
1232 0 1690
1233 0 1691
1234 0 1688
1235 0 1689
1236 0 1691
1237 0 1688
1237 0 1691
1238 0 1691
1239 0 1684
1239 0 1685
1239 0 1697
1240 0 1686
1240 0 1698
1241 0 1688
1241 0 1691
1242 0 1688
1243 0 1694
1244 0 1684
1245 0 1689
1246 0 1688
1247 0 1701
1248 0 1699
1249 0 1688
1250 0 1684
1251 0 1688
1252 0 1691
1253 0 1699
1254 0 1688
1255 0 1691
1256 0 1691
1257 0 1691
1258 0 1688
1258 0 1697
1259 0 1688
1259 0 1697
1260 0 1691
1261 0 1691
1262 0 1697
1263 0 1691
1264 0 1691
1265 0 1691
1266 0 1691
1267 0 1691
1268 0 1691
1269 0 1688
1269 0 1697
1270 0 1688
1271 0 1688
1272 0 1688
1272 0 1691
1273 0 1691
1273 0 1699
1274 0 1698
1274 0 1699
1275 0 1699
1276 0 1691
1277 0 1684
1277 0 1689
1278 0 1691
1278 0 1695
1279 0 1685
1279 0 1687
1280 0 1689
1281 0 1691
1282 0 1691
1283 0 1688
1284 0 1691
1284 0 1696
1285 0 1691
1286 0 1688
1286 0 1695
1286 0 1697
1287 0 1688
1288 0 1688
1289 0 1697
1290 0 1691
1290 0 1697
1291 0 1688
1292 0 1687
1292 0 1692
1293 0 1685
1293 0 1687
1293 0 1692
1293 0 1698
1294 0 1690
1295 0 1688
1295 0 1691
1296 0 1688
1296 0 1691
1297 0 1691
1297 0 1697
1298 0 1688
1298 0 1695
1299 0 1691
1299 0 1697
1300 0 1691
1300 0 1697
1301 0 1688
1302 0 1688
1303 0 1684
1304 0 1684
1304 0 1689
1305 0 1688
1306 0 1691
1307 0 1690
1308 0 1688
1308 0 1691
1309 0 1691
1310 0 1691
1311 0 1688
1311 0 1691
1312 0 1688
1312 0 1691
1313 0 1693
1313 0 1696
1313 0 1699
1314 0 1684
1314 0 1685
1314 0 1699
1315 0 1691
1315 0 1697
1316 0 1691
1317 0 1691
1318 0 1690
1319 0 1691
1320 0 1691
1321 0 1688
1322 0 1688
1323 0 1691
1324 0 1691
1324 0 1699
1325 0 1691
1326 0 1691
1327 0 1691
1328 0 1691
1329 0 1691
1330 0 1691
1331 0 1690
1332 0 1691
1333 0 1688
1333 0 1691
1334 0 1691
1335 0 1691
1336 0 1687
1336 0 1688
1336 0 1692
1337 0 1688
1338 0 1691
1339 0 1688
1339 0 1691
1340 0 1697
1341 0 1691
1342 0 1691
1343 0 1691
1344 0 1691
1345 0 1691
1346 0 1691
1347 0 1691
1348 0 1691
1349 0 1688
1350 0 1691
1351 0 1688
1352 0 1691
1353 0 1697
1354 0 1691
1355 0 1691
1356 0 1688
1357 0 1697
1357 0 1700
1358 0 1684
1359 0 1691
1360 0 1688
1361 0 1688
1362 0 1684
1363 0 1690
1364 0 1684
1365 0 1684
1365 0 1691
1366 0 1690
1366 0 1691
1367 0 1686
1368 0 1691
1369 0 1691
1370 0 1691
1370 0 1699
1371 0 1688
1371 0 1694
1372 0 1684
1373 0 1683
1374 0 1688
1375 0 1691
1376 0 1688
1377 0 1688
1377 0 1697
1378 0 1690
1379 0 1697
1380 0 1691
1381 0 1691
1382 0 1691
1383 0 1685
1383 0 1687
1384 0 1691
1385 0 1688
1385 0 1697
1386 0 1698
1387 0 1697
1388 0 1691
1389 0 1691
1390 0 1689
1391 0 1691
1392 0 1691
1393 0 1684
1393 0 1699
1394 0 1697
1395 0 1691
1396 0 1691
1397 0 1691
1398 0 1691
1399 0 1699
1400 0 1691
1400 0 1697
1401 0 1691
1402 0 1691
1403 0 1688
1403 0 1691
1404 0 1688
1405 0 1691
1406 0 1691
1406 0 1697
1407 0 1684
1408 0 1688
1409 0 1686
1409 0 1687
1410 0 1691
1411 0 1685
1411 0 1698
1412 0 1686
1412 0 1687
1413 0 1684
1414 0 1684
1415 0 1684
1415 0 1687
1416 0 1684
1416 0 1698
1417 0 1691
1418 0 1691
1419 0 1684
1419 0 1698
1420 0 1688
1421 0 1691
1422 0 1693
1422 0 1699
1423 0 1691
1423 0 1700
1424 0 1688
1424 0 1691
1424 0 1697
1425 0 1688
1425 0 1691
1426 0 1688
1426 0 1691
1427 0 1691
1428 0 1688
1429 0 1691
1429 0 1697
1430 0 1691
1431 0 1699
1432 0 1691
1433 0 1684
1433 0 1691
1434 0 1697
1435 0 1688
1436 0 1691
1436 0 1697
1437 0 1688
1438 0 1691
1439 0 1689
1439 0 1691
1440 0 1691
1441 0 1691
1441 0 1697
1442 0 1691
1443 0 1691
1444 0 1687
1444 0 1688
1444 0 1696
1445 0 1691
1446 0 1688
1447 0 1691
1448 0 1691
1449 0 1691
1450 0 1685
1450 0 1697
1451 0 1699
1452 0 1688
1452 0 1696
1453 0 1689
1453 0 1691
1454 0 1701
1455 0 1701
1456 0 1688
1456 0 1691
1457 0 1688
1457 0 1691
1458 0 1688
1458 0 1695
1458 0 1697
1459 0 1695
1460 0 1688
1460 0 1691
1461 0 1688
1462 0 1689
1462 0 1691
1462 0 1697
1463 0 1688
1464 0 1691
1465 0 1688
1465 0 1691
1466 0 1691
1467 0 1691
1468 0 1691
1469 0 1685
1469 0 1687
1470 0 1686
1470 0 1687
1471 0 1699
1472 0 1688
1472 0 1698
1473 0 1687
1473 0 1691
1474 0 1688
1474 0 1697
1475 0 1688
1475 0 1691
1476 0 1693
1477 0 1694
1477 0 1699
1478 0 1684
1478 0 1689
1478 0 1691
1479 0 1688
1480 0 1685
1480 0 1687
1480 0 1688
1481 0 1691
1482 0 1690
1483 0 1684
1483 0 1691
1483 0 1697
1484 0 1684
1484 0 1688
1485 0 1691
1485 0 1697
1485 0 1700
1486 0 1691
1487 0 1688
1487 0 1697
1488 0 1691
1489 0 1688
1490 0 1688
1491 0 1684
1491 0 1691
1491 0 1699
1492 0 1688
1493 0 1697
1494 0 1688
1495 0 1691
1496 0 1688
1496 0 1689
1497 0 1690
1498 0 1688
1499 0 1688
1500 0 1688
1501 0 1700
1502 0 1688
1502 0 1697
1503 0 1685
1503 0 1687
1504 0 1688
1505 0 1689
1505 0 1691
1506 0 1691
1507 0 1688
1508 0 1691
1508 0 1699
1509 0 1688
1510 0 1689
1511 0 1688
1512 0 1691
1513 0 1688
1514 0 1691
1515 0 1685
1515 0 1697
1516 0 1691
1517 0 1691
1518 0 1691
1519 0 1689
1519 0 1691
1520 0 1694
1521 0 1688
1521 0 1697
1522 0 1699
1523 0 1684
1523 0 1685
1524 0 1691
1525 0 1688
1525 0 1697
1526 0 1691
1526 0 1697
1526 0 1699
1527 0 1688
1528 0 1691
1529 0 1700
1530 0 1691
1531 0 1685
1531 0 1687
1532 0 1691
1533 0 1691
1534 0 1688
1534 0 1689
1535 0 1691
1536 0 1691
1537 0 1688
1538 0 1691
1539 0 1691
1540 0 1685
1540 0 1687
1541 0 1691
1542 0 1691
1543 0 1691
1544 0 1688
1545 0 1691
1545 0 1697
1546 0 1691
1547 0 1690
1548 0 1684
1548 0 1699
1549 0 1699
1550 0 1688
1551 0 1691
1552 0 1684
1553 0 1696
1553 0 1699
1554 0 1691
1555 0 1685
1555 0 1687
1556 0 1684
1556 0 1691
1556 0 1699
1557 0 1688
1557 0 1691
1558 0 1691
1559 0 1684
1559 0 1691
1559 0 1699
1560 0 1689
1561 0 1690
1561 0 1691
1562 0 1690
1563 0 1697
1564 0 1691
1565 0 1691
1566 0 1691
1567 0 1688
1568 0 1688
1568 0 1697
1569 0 1688
1569 0 1691
1570 0 1688
1571 0 1691
1572 0 1691
1573 0 1694
1574 0 1700
1575 0 1691
1576 0 1692
1577 0 1691
1578 0 1691
1579 0 1699
1580 0 1697
1581 0 1696
1582 0 1693
1583 0 1691
1584 0 1691
1585 0 1690
1586 0 1684
1586 0 1689
1586 0 1691
1587 0 1701
1588 0 1688
1588 0 1691
1589 0 1688
1590 0 1691
1591 0 1691
1592 0 1691
1593 0 1688
1594 0 1690
1595 0 1684
1595 0 1699
1596 0 1684
1596 0 1698
1596 0 1699
1597 0 1684
1597 0 1691
1598 0 1689
1598 0 1699
1599 0 1691
1600 0 1688
1601 0 1699
1602 0 1691
1603 0 1691
1604 0 1689
1604 0 1693
1604 0 1699
1605 0 1688
1606 0 1689
1607 0 1691
1608 0 1685
1608 0 1687
1608 0 1691
1609 0 1688
1610 0 1684
1610 0 1689
1610 0 1697
1611 0 1688
1612 0 1697
1613 0 1684
1613 0 1691
1614 0 1688
1614 0 1691
1615 0 1684
1615 0 1685
1615 0 1687
1615 0 1692
1616 0 1691
1617 0 1697
1618 0 1684
1618 0 1689
1619 0 1691
1620 0 1688
1621 0 1699
1622 0 1688
1623 0 1691
1624 0 1699
1625 0 1694
1625 0 1699
1626 0 1688
1626 0 1691
1627 0 1688
1627 0 1691
1628 0 1691
1629 0 1690
1630 0 1691
1631 0 1688
1631 0 1691
1632 0 1700
1633 0 1688
1633 0 1691
1634 0 1691
1635 0 1691
1636 0 1691
1637 0 1691
1638 0 1689
1638 0 1691
1639 0 1691
1640 0 1691
1641 0 1690
1642 0 1691
1643 0 1691
1644 0 1688
1645 0 1691
1646 0 1684
1646 0 1691
1647 0 1688
1647 0 1689
1647 0 1691
1648 0 1691
1649 0 1688
1649 0 1690
1650 0 1691
1651 0 1691
1651 0 1699
1652 0 1697
1653 0 1691
1654 0 1688
1655 0 1688
1655 0 1697
1656 0 1688
1656 0 1697
1657 0 1684
1657 0 1691
1658 0 1691
1659 0 1688
1660 0 1691
1661 0 1691
1662 0 1691
1662 0 1697
1663 0 1691
1663 0 1700
1664 0 1688
1665 0 1691
1666 0 1691
1667 0 1691
1668 0 1688
1669 0 1689
1669 0 1691
1669 0 1696
1670 0 1688
1670 0 1699
1671 0 1691
1672 0 1691
1673 0 1684
1673 0 1699
1674 0 1691
1675 0 1691
1676 0 1691
1677 0 1691
1678 0 1691
1679 0 1697
1679 0 1699
1680 0 1691
1680 0 1697
1681 0 1688
1682 0 1691
